id	x	y	z
1	1	50	1.136205238
2	2	50	1.257252938
3	3	50	1.360528801
4	4	50	1.443683883
5	5	50	1.50468546
6	6	50	1.541862626
7	7	50	1.553945609
8	8	50	1.540097964
9	9	50	1.499940889
10	10	50	1.433569098
11	11	50	1.341557812
12	12	50	1.224960622
13	13	50	1.085298149
14	14	50	0.924537608
15	15	50	0.745063558
16	16	50	0.549640306
17	17	50	0.341366593
18	18	50	0.123623346
19	19	50	-0.099984566
20	20	50	-0.325691523
21	21	50	-0.549638132
22	22	50	-0.767940738
23	23	50	-0.976762177
24	24	50	-1.172382422
25	25	50	-1.351267786
26	26	50	-1.510137338
27	27	50	-1.646025269
28	28	50	-1.756337969
29	29	50	-1.838904715
30	30	50	-1.892020949
31	31	50	-1.91448328
32	32	50	-1.905615497
33	33	50	-1.865285044
34	34	50	-1.793909581
35	35	50	-1.692453458
36	36	50	-1.562414108
37	37	50	-1.405798566
38	38	50	-1.225090498
39	39	50	-1.023208323
40	40	50	-0.803455167
41	41	50	-0.569461554
42	42	50	-0.325121883
43	43	50	-0.07452585
44	44	50	0.178113917
45	45	50	0.428536674
46	46	50	0.672509433
47	47	50	0.905902485
48	48	50	1.124763169
49	49	50	1.325386503
50	50	50	1.50438137
51	1	49	1.836668214
52	2	49	1.886279605
53	3	49	1.9053037
54	4	49	1.893108052
55	5	49	1.849602566
56	6	49	1.775245507
57	7	49	1.671039445
58	8	49	1.538517145
59	9	49	1.379717622
60	10	49	1.197152749
61	11	49	0.993765005
62	12	49	0.772877106
63	13	49	0.538134439
64	14	49	0.293441331
65	15	49	0.042892342
66	16	49	-0.209300179
67	17	49	-0.458880903
68	18	49	-0.701627335
69	19	49	-0.933425204
70	20	49	-1.150342033
71	21	49	-1.348697514
72	22	49	-1.525129373
73	23	49	-1.676653497
74	24	49	-1.800717208
75	25	49	-1.89524467
76	26	49	-1.95867362
77	27	49	-1.989982703
78	28	49	-1.988708946
79	29	49	-1.95495503
80	30	49	-1.889386253
81	31	49	-1.793217251
82	32	49	-1.668188746
83	33	49	-1.51653478
84	34	49	-1.34094106
85	35	49	-1.144495225
86	36	49	-0.930629978
87	37	49	-0.70306018
88	38	49	-0.465715082
89	39	49	-0.222666997
90	40	49	0.021942259
91	41	49	0.263975753
92	42	49	0.499375288
93	43	49	0.724233309
94	44	49	0.934861561
95	45	49	1.127855221
96	46	49	1.300151331
97	47	49	1.449080485
98	48	49	1.572410846
99	49	49	1.668383715
100	50	49	1.735740071
101	1	48	1.951674823
102	2	48	1.882591037
103	3	48	1.782995103
104	4	48	1.654671279
105	5	48	1.499895403
106	6	48	1.321392706
107	7	48	1.122287565
108	8	48	0.906046172
109	9	48	0.676413191
110	10	48	0.437343617
111	11	48	0.192931128
112	12	48	-0.052665743
113	13	48	-0.295298204
114	14	48	-0.530901182
115	15	48	-0.755565317
116	16	48	-0.965605622
117	17	48	-1.157625558
118	18	48	-1.328575342
119	19	48	-1.475803451
120	20	48	-1.597100389
121	21	48	-1.690733956
122	22	48	-1.755475428
123	23	48	-1.790616216
124	24	48	-1.795974773
125	25	48	-1.771893702
126	26	48	-1.719227206
127	27	48	-1.6393192
128	28	48	-1.53397259
129	29	48	-1.405410382
130	30	48	-1.256229449
131	31	48	-1.089347899
132	32	48	-0.907947113
133	33	48	-0.715409633
134	34	48	-0.515254106
135	35	48	-0.311068579
136	36	48	-0.106443441
137	37	48	0.095094701
138	38	48	0.290146951
139	39	48	0.475502649
140	40	48	0.648195373
141	41	48	0.805553381
142	42	48	0.945243608
143	43	48	1.065308433
144	44	48	1.164194602
145	45	48	1.240773867
146	46	48	1.294355037
147	47	48	1.324687341
148	48	48	1.331955173
149	49	48	1.316764433
150	50	48	1.280120886
151	1	47	1.401338284
152	2	47	1.248749414
153	3	47	1.078561956
154	4	47	0.89399836
155	5	47	0.698480267
156	6	47	0.495562967
157	7	47	0.288868249
158	8	47	0.082016929
159	9	47	-0.121437637
160	10	47	-0.318073797
161	11	47	-0.504662392
162	12	47	-0.678222963
163	13	47	-0.836074345
164	14	47	-0.975878754
165	15	47	-1.095678578
166	16	47	-1.193925283
167	17	47	-1.269499952
168	18	47	-1.321725199
169	19	47	-1.350368331
170	20	47	-1.355635843
171	21	47	-1.338159456
172	22	47	-1.298974144
173	23	47	-1.239488667
174	24	47	-1.161449344
175	25	47	-1.066897884
176	26	47	-0.958124217
177	27	47	-0.837615356
178	28	47	-0.708001387
179	29	47	-0.571999727
180	30	47	-0.432358818
181	31	47	-0.291802401
182	32	47	-0.152975525
183	33	47	-0.018393354
184	34	47	0.109606219
185	35	47	0.228905212
186	36	47	0.337642672
187	37	47	0.434245556
188	38	47	0.517452866
189	39	47	0.586332611
190	40	47	0.64029139
191	41	47	0.679076485
192	42	47	0.702770574
193	43	47	0.71177928
194	44	47	0.706811949
195	45	47	0.688856189
196	46	47	0.659146817
197	47	47	0.619129982
198	48	47	0.570423332
199	49	47	0.514773163
200	50	47	0.45400954
201	1	46	0.567937624
202	2	46	0.425038711
203	3	46	0.281323062
204	4	46	0.139473806
205	5	46	0.002042343
206	6	46	-0.128599464
207	7	46	-0.250302328
208	8	46	-0.361177014
209	9	46	-0.459625543
210	10	46	-0.544365602
211	11	46	-0.614447745
212	12	46	-0.669265154
213	13	46	-0.708555877
214	14	46	-0.73239762
215	15	46	-0.741195337
216	16	46	-0.735661991
217	17	46	-0.716793027
218	18	46	-0.685835204
219	19	46	-0.644250558
220	20	46	-0.593676367
221	21	46	-0.535882043
222	22	46	-0.472723976
223	23	46	-0.406099334
224	24	46	-0.337899887
225	25	46	-0.26996687
226	26	46	-0.204047904
227	27	46	-0.141756901
228	28	46	-0.084537848
229	29	46	-0.033633226
230	30	46	0.009942247
231	31	46	0.045422016
232	32	46	0.072301809
233	33	46	0.090347215
234	34	46	0.099594598
235	35	46	0.100345374
236	36	46	0.093153827
237	37	46	0.078808793
238	38	46	0.058309668
239	39	46	0.032837324
240	40	46	0.003720637
241	41	46	-0.027600573
242	42	46	-0.059615318
243	43	46	-0.090782994
244	44	46	-0.119575721
245	45	46	-0.144520484
246	46	46	-0.164240077
247	47	46	-0.177491879
248	48	46	-0.183203536
249	49	46	-0.18050471
250	50	46	-0.168754109
251	1	45	0.03037606
252	2	45	-0.016368768
253	3	45	-0.054937326
254	4	45	-0.084788697
255	5	45	-0.105653268
256	6	45	-0.117534048
257	7	45	-0.120701326
258	8	45	-0.11568085
259	9	45	-0.103235827
260	10	45	-0.084343234
261	11	45	-0.06016498
262	12	45	-0.03201466
263	13	45	-0.001320664
264	14	45	0.03041347
265	15	45	0.061650514
266	16	45	0.090861858
267	17	45	0.116569654
268	18	45	0.137387812
269	19	45	0.152060875
270	20	45	0.15949985
271	21	45	0.158814137
272	22	45	0.149338789
273	23	45	0.130656434
274	24	45	0.102613301
275	25	45	0.065328952
276	26	45	0.01919941
277	27	45	-0.035106421
278	28	45	-0.096657042
279	29	45	-0.164275185
280	30	45	-0.236560844
281	31	45	-0.311920082
282	32	45	-0.388598995
283	33	45	-0.464722142
284	34	45	-0.538334618
285	35	45	-0.607446863
286	36	45	-0.670081241
287	37	45	-0.724319352
288	38	45	-0.76834904
289	39	45	-0.800510033
290	40	45	-0.819337184
291	41	45	-0.823600306
292	42	45	-0.81233968
293	43	45	-0.78489637
294	44	45	-0.740936607
295	45	45	-0.680469597
296	46	45	-0.60385827
297	47	45	-0.511822598
298	48	45	-0.405435302
299	49	45	-0.28610989
300	50	45	-0.155581157
301	1	44	0.162058766
302	2	44	0.231140856
303	3	44	0.303356585
304	4	44	0.376989806
305	5	44	0.450201794
306	6	44	0.52107287
307	7	44	0.587646803
308	8	44	0.647976976
309	9	44	0.700173327
310	10	44	0.742449011
311	11	44	0.77316572
312	12	44	0.790876649
313	13	44	0.794366096
314	14	44	0.782684773
315	15	44	0.755179977
316	16	44	0.711519872
317	17	44	0.651711256
318	18	44	0.576110306
319	19	44	0.485425957
320	20	44	0.380715714
321	21	44	0.263373846
322	22	44	0.135112099
323	23	44	-0.00206681
324	24	44	-0.145902461
325	25	44	-0.293916198
326	26	44	-0.443456054
327	27	44	-0.591746298
328	28	44	-0.735940641
329	29	44	-0.873178074
330	30	44	-1.000640206
331	31	44	-1.115608962
332	32	44	-1.215523454
333	33	44	-1.298034852
334	34	44	-1.3610581
335	35	44	-1.402819377
336	36	44	-1.421898282
337	37	44	-1.417263791
338	38	44	-1.388303188
339	39	44	-1.334843268
340	40	44	-1.257163277
341	41	44	-1.155999218
342	42	44	-1.032539288
343	43	44	-0.888410442
344	44	44	-0.725656202
345	45	44	-0.546706029
346	46	44	-0.354336768
347	47	44	-0.151626784
348	48	44	0.058096383
349	49	44	0.271313912
350	50	44	0.484378101
351	1	43	0.871515282
352	2	43	0.995640533
353	3	43	1.107323905
354	4	43	1.204045158
355	5	43	1.283495182
356	6	43	1.34362721
357	7	43	1.3827038
358	8	43	1.399338553
359	9	43	1.392531636
360	10	43	1.361698303
361	11	43	1.306689733
362	12	43	1.227805643
363	13	43	1.125798307
364	14	43	1.001867773
365	15	43	0.857648246
366	16	43	0.695185776
367	17	43	0.516907577
368	18	43	0.325583463
369	19	43	0.124280055
370	20	43	-0.08369145
371	21	43	-0.29483299
372	22	43	-0.505521794
373	23	43	-0.712075818
374	24	43	-0.91082123
375	25	43	-1.098160672
376	26	43	-1.270640976
377	27	43	-1.425019032
378	28	43	-1.558324523
379	29	43	-1.667918283
380	30	43	-1.751545119
381	31	43	-1.807380033
382	32	43	-1.8340669
383	33	43	-1.830748791
384	34	43	-1.797089295
385	35	43	-1.733284356
386	36	43	-1.640064324
387	37	43	-1.518686095
388	38	43	-1.370915428
389	39	43	-1.198999693
390	40	43	-1.005631494
391	41	43	-0.793903804
392	42	43	-0.567257387
393	43	43	-0.329421465
394	44	43	-0.084348698
395	45	43	0.163854335
396	46	43	0.410999871
397	47	43	0.652893559
398	48	43	0.885409552
399	49	43	1.10456466
400	50	43	1.30659021
401	1	42	1.665937431
402	2	42	1.74608758
403	3	42	1.798506631
404	4	42	1.821881768
405	5	42	1.815398194
406	6	42	1.778759909
407	7	42	1.71220102
408	8	42	1.616487288
409	9	42	1.492907811
410	10	42	1.343256906
411	11	42	1.16980648
412	12	42	0.975269321
413	13	42	0.762753961
414	14	42	0.535711879
415	15	42	0.297878021
416	16	42	0.053205687
417	17	42	-0.194203009
418	18	42	-0.440169821
419	19	42	-0.680514871
420	20	42	-0.911131543
421	21	42	-1.128060418
422	22	42	-1.327560815
423	23	42	-1.506178637
424	24	42	-1.660809211
425	25	42	-1.78875395
426	26	42	-1.887769762
427	27	42	-1.956110267
428	28	42	-1.99255803
429	29	42	-1.996447215
430	30	42	-1.967676199
431	31	42	-1.906709919
432	32	42	-1.814571896
433	33	42	-1.692826078
434	34	42	-1.543548839
435	35	42	-1.369291659
436	36	42	-1.173035182
437	37	42	-0.958135517
438	38	42	-0.728263779
439	39	42	-0.487340024
440	40	42	-0.239462789
441	41	42	0.011164417
442	42	42	0.260308308
443	43	42	0.503781312
444	44	42	0.737515922
445	45	42	0.957636556
446	46	42	1.160527587
447	47	42	1.342896284
448	48	42	1.501829528
449	49	42	1.634843269
450	50	42	1.739923831
451	1	41	1.993497552
452	2	41	1.96120066
453	3	41	1.896790069
454	4	41	1.801333188
455	5	41	1.676436242
456	6	41	1.524215724
457	7	41	1.347260552
458	8	41	1.148585645
459	9	41	0.931577776
460	10	41	0.699934726
461	11	41	0.457598865
462	12	41	0.208686419
463	13	41	-0.042586268
464	14	41	-0.291978095
465	15	41	-0.535298773
466	16	41	-0.768483217
467	17	41	-0.987663361
468	18	41	-1.189236074
469	19	41	-1.369925938
470	20	41	-1.526841724
471	21	41	-1.657525553
472	22	41	-1.759993858
473	23	41	-1.832769422
474	24	41	-1.874903947
475	25	41	-1.885990783
476	26	41	-1.86616764
477	27	41	-1.816109298
478	28	41	-1.737010523
479	29	41	-1.630559562
480	30	41	-1.498902803
481	31	41	-1.344601326
482	32	41	-1.170580213
483	33	41	-0.980071657
484	34	41	-0.776552966
485	35	41	-0.563680709
486	36	41	-0.345222254
487	37	41	-0.124986039
488	38	41	0.093248095
489	39	41	0.305797191
490	40	41	0.509140803
491	41	41	0.699982726
492	42	41	0.875307709
493	43	41	1.032432127
494	44	41	1.169047694
495	45	41	1.283257483
496	46	41	1.373603637
497	47	41	1.439086356
498	48	41	1.479173897
499	49	41	1.493803508
500	50	41	1.483373411
501	1	40	1.626663297
502	2	40	1.491556261
503	3	40	1.333903816
504	4	40	1.156673032
505	5	40	0.963136154
506	6	40	0.756808107
507	7	40	0.54138017
508	8	40	0.320651085
509	9	40	0.098456946
510	10	40	-0.121398805
511	11	40	-0.335213945
512	12	40	-0.539453315
513	13	40	-0.730810717
514	14	40	-0.906265731
515	15	40	-1.063134421
516	16	40	-1.199113029
517	17	40	-1.312313909
518	18	40	-1.401293097
519	19	40	-1.465069097
520	20	40	-1.503132621
521	21	40	-1.515447225
522	22	40	-1.502440934
523	23	40	-1.464989153
524	24	40	-1.404389296
525	25	40	-1.32232777
526	26	40	-1.220840041
527	27	40	-1.102264683
528	28	40	-0.969192389
529	29	40	-0.824411036
530	30	40	-0.670847936
531	31	40	-0.511510475
532	32	40	-0.349426339
533	33	40	-0.18758452
534	34	40	-0.028878287
535	35	40	0.123948779
536	36	40	0.268352637
537	37	40	0.4020336
538	38	40	0.522975258
539	39	40	0.629476842
540	40	40	0.72017846
541	41	40	0.794078817
542	42	40	0.850545171
543	43	40	0.889315458
544	44	40	0.910492679
545	45	40	0.914531787
546	46	40	0.902219485
547	47	40	0.874647484
548	48	40	0.833179888
549	49	40	0.779415507
550	50	40	0.715145988
551	1	39	0.820247916
552	2	39	0.66338241
553	3	39	0.500844278
554	4	39	0.335700127
555	5	39	0.170975957
556	6	39	0.009599677
557	7	39	-0.145653257
558	8	39	-0.292210079
559	9	39	-0.42774584
560	10	39	-0.550222632
561	11	39	-0.65792218
562	12	39	-0.749471268
563	13	39	-0.823859592
564	14	39	-0.880449799
565	15	39	-0.918979641
566	16	39	-0.939556336
567	17	39	-0.942643376
568	18	39	-0.929040199
569	19	39	-0.899855268
570	20	39	-0.856473234
571	21	39	-0.800516981
572	22	39	-0.73380545
573	23	39	-0.658308207
574	24	39	-0.576097786
575	25	39	-0.489300875
576	26	39	-0.400049418
577	27	39	-0.310432693
578	28	39	-0.222451404
579	29	39	-0.137974767
580	30	39	-0.058701478
581	31	39	0.013874617
582	32	39	0.078493467
583	33	39	0.134151784
584	34	39	0.180119627
585	35	39	0.215950288
586	36	39	0.241483351
587	37	39	0.256840939
588	38	39	0.262417302
589	39	39	0.258862063
590	40	39	0.247057571
591	41	39	0.228090936
592	42	39	0.20322144
593	43	39	0.173844114
594	44	39	0.141450363
595	45	39	0.107586566
596	46	39	0.07381164
597	47	39	0.041654565
598	48	39	0.012572859
599	49	39	-0.012087011
600	50	39	-0.03112636
601	1	38	0.134409904
602	2	38	0.051951638
603	3	38	-0.023722281
604	4	38	-0.091314973
605	5	38	-0.149787901
606	6	38	-0.198377863
607	7	38	-0.236607254
608	8	38	-0.264287482
609	9	38	-0.281515531
610	10	38	-0.28866383
611	11	38	-0.286363748
612	12	38	-0.275483144
613	13	38	-0.257098563
614	14	38	-0.232462759
615	15	38	-0.202968342
616	16	38	-0.170108418
617	17	38	-0.135435169
618	18	38	-0.100517344
619	19	38	-0.066897657
620	20	38	-0.036051112
621	21	38	-0.009345201
622	22	38	0.011997066
623	23	38	0.026930453
624	24	38	0.034616323
625	25	38	0.034446311
626	26	38	0.026060293
627	27	38	0.009358207
628	28	38	-0.015494569
629	29	38	-0.048068429
630	30	38	-0.087677341
631	31	38	-0.133393107
632	32	38	-0.184065763
633	33	38	-0.238349707
634	34	38	-0.294734974
635	35	38	-0.351582982
636	36	38	-0.407165961
637	37	38	-0.459709171
638	38	38	-0.507434989
639	39	38	-0.548607839
640	40	38	-0.58157897
641	41	38	-0.604830035
642	42	38	-0.617014463
643	43	38	-0.616995662
644	44	38	-0.603881129
645	45	38	-0.577051646
646	46	38	-0.536184829
647	47	38	-0.481272411
648	48	38	-0.412630782
649	49	38	-0.330904441
650	50	38	-0.237062157
651	1	37	0.045551367
652	2	37	0.081980721
653	3	37	0.124582623
654	4	37	0.172244266
655	5	37	0.223656053
656	6	37	0.277342455
657	7	37	0.33169735
658	8	37	0.385023065
659	9	37	0.435572245
660	10	37	0.481591602
661	11	37	0.521366557
662	12	37	0.553265758
663	13	37	0.575784436
664	14	37	0.587585614
665	15	37	0.587538167
666	16	37	0.574750858
667	17	37	0.548601499
668	18	37	0.50876051
669	19	37	0.455208273
670	20	37	0.38824578
671	21	37	0.308498249
672	22	37	0.216911497
673	23	37	0.114741045
674	24	37	0.003534069
675	25	37	-0.114895535
676	26	37	-0.238498532
677	27	37	-0.365027614
678	28	37	-0.492079845
679	29	37	-0.617143458
680	30	37	-0.737648086
681	31	37	-0.851017402
682	32	37	-0.954723105
683	33	37	-1.046339124
684	34	37	-1.123594911
685	35	37	-1.184426679
686	36	37	-1.227025493
687	37	37	-1.249881148
688	38	37	-1.251820858
689	39	37	-1.23204187
690	40	37	-1.190137235
691	41	37	-1.126114084
692	42	37	-1.040403927
693	43	37	-0.933864624
694	44	37	-0.807773866
695	45	37	-0.663814154
696	46	37	-0.504049453
697	47	37	-0.330893861
698	48	37	-0.147072793
699	49	37	0.044422649
700	50	37	0.240387313
701	1	36	0.615395912
702	2	36	0.732610624
703	3	36	0.842742289
704	4	36	0.943302285
705	5	36	1.031903291
706	6	36	1.106312103
707	7	36	1.164500412
708	8	36	1.204692445
709	9	36	1.225408427
710	10	36	1.225502874
711	11	36	1.204196859
712	12	36	1.16110346
713	13	36	1.096245771
714	14	36	1.010066973
715	15	36	0.903432134
716	16	36	0.777621575
717	17	36	0.634315784
718	18	36	0.475572064
719	19	36	0.30379326
720	20	36	0.121689051
721	21	36	-0.067769508
722	22	36	-0.261401405
723	23	36	-0.455872103
724	24	36	-0.647753951
725	25	36	-0.833589425
726	26	36	-1.009955996
727	27	36	-1.17353138
728	28	36	-1.321157877
729	29	36	-1.449904553
730	30	36	-1.557126003
731	31	36	-1.640516525
732	32	36	-1.698158591
733	33	36	-1.728564604
734	34	36	-1.730711079
735	35	36	-1.704064467
736	36	36	-1.648598071
737	37	36	-1.564799616
738	38	36	-1.453669231
739	39	36	-1.316707794
740	40	36	-1.155895771
741	41	36	-0.97366285
742	42	36	-0.772848885
743	43	36	-0.556656801
744	44	36	-0.328598297
745	45	36	-0.092433313
746	46	36	0.147895644
747	47	36	0.388333102
748	48	36	0.624782882
749	49	36	0.853181649
750	50	36	1.069572404
751	1	35	1.448113709
752	2	35	1.551895768
753	3	35	1.631903092
754	4	35	1.686260795
755	5	35	1.713522859
756	6	35	1.712705766
757	7	35	1.683313822
758	8	35	1.625355569
759	9	35	1.539350892
760	10	35	1.42632858
761	11	35	1.287814288
762	12	35	1.125809034
763	13	35	0.94275856
764	14	35	0.741514045
765	15	35	0.525284848
766	16	35	0.297584106
767	17	35	0.062168165
768	18	35	-0.177029067
769	19	35	-0.415965628
770	20	35	-0.6505636
771	21	35	-0.87678245
772	22	35	-1.09069223
773	23	35	-1.288545271
774	24	35	-1.466845013
775	25	35	-1.622410645
776	26	35	-1.752436343
777	27	35	-1.854543945
778	28	35	-1.926828066
779	29	35	-1.967892756
780	30	35	-1.976878999
781	31	35	-1.953482485
782	32	35	-1.897961308
783	33	35	-1.811133404
784	34	35	-1.694363747
785	35	35	-1.549541524
786	36	35	-1.379047688
787	37	35	-1.185713471
788	38	35	-0.972770629
789	39	35	-0.743794312
790	40	35	-0.50263965
791	41	35	-0.25337319
792	42	35	-0.000200491
793	43	35	0.25260879
794	44	35	0.500796935
795	45	35	0.740193894
796	46	35	0.966791313
797	47	35	1.176813479
798	48	35	1.366783879
799	49	35	1.533586124
800	50	35	1.674518151
801	1	34	1.965275877
802	2	34	1.970737965
803	3	34	1.943892046
804	4	34	1.885040205
805	5	34	1.795042897
806	6	34	1.675305586
807	7	34	1.527755395
808	8	34	1.354808161
809	9	34	1.159326495
810	10	34	0.944569614
811	11	34	0.714135858
812	12	34	0.471898967
813	13	34	0.221939278
814	14	34	-0.031528855
815	15	34	-0.284232097
816	16	34	-0.531914207
817	17	34	-0.77041175
818	18	34	-0.995728034
819	19	34	-1.2041039
820	20	34	-1.39208406
821	21	34	-1.556577746
822	22	34	-1.694912566
823	23	34	-1.804880577
824	24	34	-1.884775742
825	25	34	-1.933422095
826	26	34	-1.950192128
827	27	34	-1.935015092
828	28	34	-1.888375097
829	29	34	-1.811299093
830	30	34	-1.705334999
831	31	34	-1.572520444
832	32	34	-1.415342748
833	33	34	-1.236690944
834	34	34	-1.039800779
835	35	34	-0.828193773
836	36	34	-0.605611517
837	37	34	-0.375946466
838	38	34	-0.143170561
839	39	34	0.088736979
840	40	34	0.315861306
841	41	34	0.534421719
842	42	34	0.740838246
843	43	34	0.931793819
844	44	34	1.104290894
845	45	34	1.255701512
846	46	34	1.383809906
847	47	34	1.486846928
848	48	34	1.563515722
849	49	34	1.61300825
850	50	34	1.635012455
851	1	33	1.807647228
852	2	33	1.698197807
853	3	33	1.561992969
854	4	33	1.401562823
855	5	33	1.219837326
856	6	33	1.020090764
857	7	33	0.805880328
858	8	33	0.580979956
859	9	33	0.349310725
860	10	33	0.114869117
861	11	33	-0.118345479
862	12	33	-0.34640267
863	13	33	-0.565511006
864	14	33	-0.772084685
865	15	33	-0.962805775
866	16	33	-1.134680825
867	17	33	-1.285090856
868	18	33	-1.411833823
869	19	33	-1.513158851
870	20	33	-1.587791648
871	21	33	-1.634950725
872	22	33	-1.654354207
873	23	33	-1.646217194
874	24	33	-1.611239861
875	25	33	-1.550586593
876	26	33	-1.465856697
877	27	33	-1.359047329
878	28	33	-1.232509469
879	29	33	-1.088897865
880	30	33	-0.931115997
881	31	33	-0.762257203
882	32	33	-0.58554315
883	33	33	-0.404260893
884	34	33	-0.221699771
885	35	33	-0.041089372
886	36	33	0.134460222
887	37	33	0.302014774
888	38	33	0.458867753
889	39	33	0.60258675
890	40	33	0.731053627
891	41	33	0.842497678
892	42	33	0.935521264
893	43	33	1.009117526
894	44	33	1.062679936
895	45	33	1.096003649
896	46	33	1.10927874
897	47	33	1.103075613
898	48	33	1.078323016
899	49	33	1.036279216
900	50	33	0.97849707
901	1	32	1.084720994
902	2	32	0.923589247
903	3	32	0.751483554
904	4	32	0.57166545
905	5	32	0.387459891
906	6	32	0.202191692
907	7	32	0.019123069
908	8	32	-0.158606508
909	9	32	-0.328036995
910	10	32	-0.486439928
911	11	32	-0.631365093
912	12	32	-0.760680858
913	13	32	-0.872607481
914	14	32	-0.965742823
915	15	32	-1.039080085
916	16	32	-1.092017335
917	17	32	-1.124358769
918	18	32	-1.136307812
919	19	32	-1.128452338
920	20	32	-1.101742443
921	21	32	-1.057461342
922	22	32	-0.997190114
923	23	32	-0.92276711
924	24	32	-0.836242981
925	25	32	-0.7398323
926	26	32	-0.635862875
927	27	32	-0.526723842
928	28	32	-0.414813642
929	29	32	-0.302489006
930	30	32	-0.19201599
931	31	32	-0.085524087
932	32	32	0.015035667
933	33	32	0.107927745
934	34	32	0.191663623
935	35	32	0.265027128
936	36	32	0.32709317
937	37	32	0.377239566
938	38	32	0.415151799
939	39	32	0.440820696
940	40	32	0.45453321
941	41	32	0.456856581
942	42	32	0.448616338
943	43	32	0.430868718
944	44	32	0.404868186
945	45	32	0.372030872
946	46	32	0.333894778
947	47	32	0.292077737
948	48	32	0.248234074
949	49	32	0.204011007
950	50	32	0.161005793
951	1	31	0.298661791
952	2	31	0.184976879
953	3	31	0.075366124
954	4	31	-0.028182177
955	5	31	-0.123896951
956	6	31	-0.210256246
957	7	31	-0.286012966
958	8	31	-0.350213958
959	9	31	-0.402212149
960	10	31	-0.44167158
961	11	31	-0.46856533
962	12	31	-0.483166478
963	13	31	-0.486032416
964	14	31	-0.477982953
965	15	31	-0.460072776
966	16	31	-0.43355898
967	17	31	-0.399864455
968	18	31	-0.360538009
969	19	31	-0.317212176
970	20	31	-0.271559707
971	21	31	-0.225249743
972	22	31	-0.179904696
973	23	31	-0.137058822
974	24	31	-0.098119433
975	25	31	-0.064331637
976	26	31	-0.036747397
977	27	31	-0.016199613
978	28	31	-0.003281819
979	29	31	0.001666077
980	30	31	-0.001434345
981	31	31	-0.012398691
982	32	31	-0.030785004
983	33	31	-0.055905467
984	34	31	-0.086844277
985	35	31	-0.122481286
986	36	31	-0.161520863
987	37	31	-0.202525318
988	38	31	-0.243952109
989	39	31	-0.284193996
990	40	31	-0.321621194
991	41	31	-0.354624569
992	42	31	-0.381658864
993	43	31	-0.401284942
994	44	31	-0.412210066
995	45	31	-0.413325247
996	46	31	-0.40373877
997	47	31	-0.382805078
998	48	31	-0.350148299
999	49	31	-0.305679791
1000	50	31	-0.249609256
1001	1	30	-0.004511852
1002	2	30	-0.004578657
1003	3	30	0.003290602
1004	4	30	0.018690743
1005	5	30	0.040969448
1006	6	30	0.069244729
1007	7	30	0.102428177
1008	8	30	0.139253457
1009	9	30	0.178309383
1010	10	30	0.218076826
1011	11	30	0.25696858
1012	12	30	0.293371286
1013	13	30	0.325688424
1014	14	30	0.352383388
1015	15	30	0.372021614
1016	16	30	0.383310801
1017	17	30	0.385138237
1018	18	30	0.376604359
1019	19	30	0.357051713
1020	20	30	0.326088602
1021	21	30	0.283606811
1022	22	30	0.229792924
1023	23	30	0.165132899
1024	24	30	0.090409691
1025	25	30	0.006693896
1026	26	30	-0.084672491
1027	27	30	-0.182098935
1028	28	30	-0.283775421
1029	29	30	-0.387707175
1030	30	30	-0.49175436
1031	31	30	-0.593675943
1032	32	30	-0.691176854
1033	33	30	-0.781957435
1034	34	30	-0.863764159
1035	35	30	-0.93444052
1036	36	30	-0.991977015
1037	37	30	-1.034559107
1038	38	30	-1.060612112
1039	39	30	-1.068842007
1040	40	30	-1.058271204
1041	41	30	-1.028268454
1042	42	30	-0.978572155
1043	43	30	-0.909306438
1044	44	30	-0.820989601
1045	45	30	-0.71453456
1046	46	30	-0.59124118
1047	47	30	-0.452780509
1048	48	30	-0.301171106
1049	49	30	-0.138747812
1050	50	30	0.031876525
1051	1	29	0.385792886
1052	2	29	0.486593172
1053	3	29	0.585322644
1054	4	29	0.67972498
1055	5	29	0.767538313
1056	6	29	0.846545486
1057	7	29	0.914624506
1058	8	29	0.969798092
1059	9	29	1.010281241
1060	10	29	1.034525745
1061	11	29	1.041260656
1062	12	29	1.02952776
1063	13	29	0.998711228
1064	14	29	0.948560705
1065	15	29	0.879207239
1066	16	29	0.791171598
1067	17	29	0.685364662
1068	18	29	0.563079756
1069	19	29	0.425976929
1070	20	29	0.276059391
1071	21	29	0.115642441
1072	22	29	-0.052684586
1073	23	29	-0.226102701
1074	24	29	-0.401613169
1075	25	29	-0.576092006
1076	26	29	-0.746348059
1077	27	29	-0.909183536
1078	28	29	-1.061455811
1079	29	29	-1.2001393
1080	30	29	-1.32238615
1081	31	29	-1.425584539
1082	32	29	-1.507413384
1083	33	29	-1.565892321
1084	34	29	-1.599425919
1085	35	29	-1.606841166
1086	36	29	-1.587417406
1087	37	29	-1.54090805
1088	38	29	-1.467553518
1089	39	29	-1.368085063
1090	40	29	-1.243719289
1091	41	29	-1.096143345
1092	42	29	-0.927491004
1093	43	29	-0.740309945
1094	44	29	-0.537520814
1095	45	29	-0.322368724
1096	46	29	-0.098368077
1097	47	29	0.130758321
1098	48	29	0.361144734
1099	49	29	0.588851362
1100	50	29	0.809935305
1101	1	28	1.198459508
1102	2	28	1.31731079
1103	3	28	1.417166649
1104	4	28	1.495747816
1105	5	28	1.551114756
1106	6	28	1.581711357
1107	7	28	1.586401919
1108	8	28	1.564500604
1109	9	28	1.515792693
1110	10	28	1.44054711
1111	11	28	1.339519865
1112	12	28	1.213948236
1113	13	28	1.065535685
1114	14	28	0.896427696
1115	15	28	0.709178894
1116	16	28	0.506711987
1117	17	28	0.292269217
1118	18	28	0.069357198
1119	19	28	-0.158313896
1120	20	28	-0.386895664
1121	21	28	-0.612470142
1122	22	28	-0.831120511
1123	23	28	-1.039002521
1124	24	28	-1.232415285
1125	25	28	-1.407870089
1126	26	28	-1.562155896
1127	27	28	-1.692400282
1128	28	28	-1.796124617
1129	29	28	-1.871292406
1130	30	28	-1.916349833
1131	31	28	-1.930257692
1132	32	28	-1.912514058
1133	33	28	-1.863167207
1134	34	28	-1.782818493
1135	35	28	-1.672615083
1136	36	28	-1.534232623
1137	37	28	-1.369848125
1138	38	28	-1.182103538
1139	39	28	-0.974060637
1140	40	28	-0.749148064
1141	41	28	-0.51110146
1142	42	28	-0.263897795
1143	43	28	-0.011685117
1144	44	28	0.241291012
1145	45	28	0.490762993
1146	46	28	0.73251721
1147	47	28	0.962469153
1148	48	28	1.176736268
1149	49	28	1.37170716
1150	50	28	1.544105871
1151	1	27	1.868987234
1152	2	27	1.910534693
1153	3	27	1.921000695
1154	4	27	1.899927152
1155	5	27	1.847404842
1156	6	27	1.764075735
1157	7	27	1.651125191
1158	8	27	1.510264132
1159	9	27	1.343701462
1160	10	27	1.154107217
1161	11	27	0.944567088
1162	12	27	0.718529137
1163	13	27	0.479743674
1164	14	27	0.232197395
1165	15	27	-0.019957015
1166	16	27	-0.272474495
1167	17	27	-0.521093099
1168	18	27	-0.761609931
1169	19	27	-0.989956146
1170	20	27	-1.20226959
1171	21	27	-1.39496374
1172	22	27	-1.564791664
1173	23	27	-1.708903795
1174	24	27	-1.824898461
1175	25	27	-1.910864223
1176	26	27	-1.965413248
1177	27	27	-1.987705096
1178	28	27	-1.977460507
1179	29	27	-1.934964929
1180	30	27	-1.861061757
1181	31	27	-1.757135429
1182	32	27	-1.625084711
1183	33	27	-1.467286711
1184	34	27	-1.286552311
1185	35	27	-1.086073883
1186	36	27	-0.869366291
1187	37	27	-0.640202302
1188	38	27	-0.402543646
1189	39	27	-0.160469025
1190	40	27	0.081899577
1191	41	27	0.320470879
1192	42	27	0.551257219
1193	43	27	0.77044503
1194	44	27	0.974461579
1195	45	27	1.160036745
1196	46	27	1.324258711
1197	47	27	1.464622571
1198	48	27	1.57907099
1199	49	27	1.666026229
1200	50	27	1.724412983
1201	1	26	1.931608906
1202	2	26	1.854195104
1203	3	26	1.746847678
1204	4	26	1.61150881
1205	5	26	1.45059726
1206	6	26	1.266963263
1207	7	26	1.063835741
1208	8	26	0.844762832
1209	9	26	0.61354689
1210	10	26	0.374175162
1211	11	26	0.130747479
1212	12	26	-0.112597689
1213	13	26	-0.351757424
1214	14	26	-0.582737405
1215	15	26	-0.80172246
1216	16	26	-1.005143303
1217	17	26	-1.189738256
1218	18	26	-1.352608811
1219	19	26	-1.491268045
1220	20	26	-1.60368104
1221	21	26	-1.688296593
1222	22	26	-1.74406971
1223	23	26	-1.770474516
1224	24	26	-1.767507447
1225	25	26	-1.735680729
1226	26	26	-1.676006371
1227	27	26	-1.589971062
1228	28	26	-1.479502541
1229	29	26	-1.346928167
1230	30	26	-1.194926555
1231	31	26	-1.026473277
1232	32	26	-0.84478174
1233	33	26	-0.653240407
1234	34	26	-0.455347629
1235	35	26	-0.254645355
1236	36	26	-0.054653008
1237	37	26	0.141197191
1238	38	26	0.329622231
1239	39	26	0.507546471
1240	40	26	0.672154891
1241	41	26	0.820940457
1242	42	26	0.951744755
1243	43	26	1.062791199
1244	44	26	1.152710272
1245	45	26	1.220556416
1246	46	26	1.265816365
1247	47	26	1.288408881
1248	48	26	1.288676042
1249	49	26	1.267366378
1250	50	26	1.225610319
1251	1	25	1.342825773
1252	2	25	1.187427063
1253	3	25	1.015679114
1254	4	25	0.83083617
1255	5	25	0.636325562
1256	6	25	0.435682055
1257	7	25	0.232481112
1258	8	25	0.03027237
1259	9	25	-0.167485401
1260	10	25	-0.357486614
1261	11	25	-0.536637286
1262	12	25	-0.702108493
1263	13	25	-0.851383881
1264	14	25	-0.982300386
1265	15	25	-1.093081476
1266	16	25	-1.182362358
1267	17	25	-1.249206782
1268	18	25	-1.293115226
1269	19	25	-1.314024441
1270	20	25	-1.312298485
1271	21	25	-1.288711565
1272	22	25	-1.244423145
1273	23	25	-1.180945953
1274	24	25	-1.100107634
1275	25	25	-1.004006922
1276	26	25	-0.894965311
1277	27	25	-0.775475272
1278	28	25	-0.648146135
1279	29	25	-0.515648768
1280	30	25	-0.380660215
1281	31	25	-0.245809435
1282	32	25	-0.113625234
1283	33	25	0.013512561
1284	34	25	0.133417722
1285	35	25	0.244137182
1286	36	25	0.343984779
1287	37	25	0.43156859
1288	38	25	0.505811365
1289	39	25	0.565963755
1290	40	25	0.611610162
1291	41	25	0.642667222
1292	42	25	0.659375059
1293	43	25	0.66228163
1294	44	25	0.652220604
1295	45	25	0.630283366
1296	46	25	0.597785846
1297	47	25	0.556231
1298	48	25	0.507267811
1299	49	25	0.4526478
1300	50	25	0.394180045
1301	1	24	0.511622932
1302	2	24	0.373386148
1303	3	24	0.23538497
1304	4	24	0.100186105
1305	5	24	-0.029794541
1306	6	24	-0.152336902
1307	7	24	-0.265456707
1308	8	24	-0.367439586
1309	9	24	-0.456868718
1310	10	24	-0.532645545
1311	11	24	-0.594003235
1312	12	24	-0.640512717
1313	13	24	-0.672081299
1314	14	24	-0.688944017
1315	15	24	-0.691648009
1316	16	24	-0.681030389
1317	17	24	-0.658190188
1318	18	24	-0.62445507
1319	19	24	-0.581343658
1320	20	24	-0.530524331
1321	21	24	-0.4737715
1322	22	24	-0.412920333
1323	23	24	-0.349820999
1324	24	24	-0.286293445
1325	25	24	-0.224083725
1326	26	24	-0.164822854
1327	27	24	-0.109989098
1328	28	24	-0.060874512
1329	29	24	-0.018556462
1330	30	24	0.016125274
1331	31	24	0.042585336
1332	32	24	0.060503214
1333	33	24	0.069827084
1334	34	24	0.070770998
1335	35	24	0.063805541
1336	36	24	0.049642205
1337	37	24	0.029211865
1338	38	24	0.003637896
1339	39	24	-0.025795438
1340	40	24	-0.057678561
1341	41	24	-0.090515292
1342	42	24	-0.122763766
1343	43	24	-0.152878618
1344	44	24	-0.179353417
1345	45	24	-0.200762372
1346	46	24	-0.215800315
1347	47	24	-0.223320004
1348	48	24	-0.22236587
1349	49	24	-0.212203382
1350	50	24	-0.192343305
1351	1	23	0.015376934
1352	2	23	-0.02247224
1353	3	23	-0.052020795
1354	4	23	-0.072911583
1355	5	23	-0.085057548
1356	6	23	-0.08863933
1357	7	23	-0.084096296
1358	8	23	-0.072111278
1359	9	23	-0.053589379
1360	10	23	-0.029631379
1361	11	23	-0.00150239
1362	12	23	0.029403504
1363	13	23	0.061601773
1364	14	23	0.093558231
1365	15	23	0.12373112
1366	16	23	0.150613511
1367	17	23	0.172775005
1368	18	23	0.188901763
1369	19	23	0.197833907
1370	20	23	0.198599408
1371	21	23	0.190443626
1372	22	23	0.172853807
1373	23	23	0.145577897
1374	24	23	0.108637208
1375	25	23	0.062332575
1376	26	23	0.007243795
1377	27	23	-0.055777696
1378	28	23	-0.125622831
1379	29	23	-0.200945354
1380	30	23	-0.280188295
1381	31	23	-0.361615972
1382	32	23	-0.443350845
1383	33	23	-0.523414466
1384	34	23	-0.59977165
1385	35	23	-0.670376917
1386	36	23	-0.733222213
1387	37	23	-0.78638484
1388	38	23	-0.828074554
1389	39	23	-0.856678757
1390	40	23	-0.870804765
1391	41	23	-0.869318171
1392	42	23	-0.851376397
1393	43	23	-0.816456626
1394	44	23	-0.764377409
1395	45	23	-0.695313374
1396	46	23	-0.609802603
1397	47	23	-0.50874638
1398	48	23	-0.393401206
1399	49	23	-0.265363093
1400	50	23	-0.126544343
1401	1	22	0.198794015
1402	2	22	0.274826117
1403	3	22	0.353101835
1404	4	22	0.431781564
1405	5	22	0.508923759
1406	6	22	0.582528672
1407	7	22	0.650584374
1408	8	22	0.711114058
1409	9	22	0.762223598
1410	10	22	0.802148291
1411	11	22	0.829297727
1412	12	22	0.842297779
1413	13	22	0.840028722
1414	14	22	0.821658588
1415	15	22	0.786670949
1416	16	22	0.73488642
1417	17	22	0.666477323
1418	18	22	0.581975055
1419	19	22	0.482269903
1420	20	22	0.368603157
1421	21	22	0.24255156
1422	22	22	0.106004307
1423	23	22	-0.038867081
1424	24	22	-0.189645461
1425	25	22	-0.343710731
1426	26	22	-0.498287631
1427	27	22	-0.650497809
1428	28	22	-0.797415114
1429	29	22	-0.936123061
1430	30	22	-1.063773297
1431	31	22	-1.177643917
1432	32	22	-1.275196405
1433	33	22	-1.354130053
1434	34	22	-1.412432697
1435	35	22	-1.448426691
1436	36	22	-1.460809133
1437	37	22	-1.448685429
1438	38	22	-1.411595446
1439	39	22	-1.3495316
1440	40	22	-1.262948433
1441	41	22	-1.152763333
1442	42	22	-1.020348288
1443	43	22	-0.867512701
1444	44	22	-0.696477478
1445	45	22	-0.509840795
1446	46	22	-0.310536098
1447	47	22	-0.101783049
1448	48	22	0.112967692
1449	49	22	0.330094877
1450	50	22	0.545871147
1451	1	21	0.934467583
1452	2	21	1.058769533
1453	3	21	1.169343444
1454	4	21	1.263691684
1455	5	21	1.339553487
1456	6	21	1.394955191
1457	7	21	1.428255728
1458	8	21	1.438186377
1459	9	21	1.42388389
1460	10	21	1.384916233
1461	11	21	1.321300308
1462	12	21	1.233511196
1463	13	21	1.122482595
1464	14	21	0.98959835
1465	15	21	0.836675082
1466	16	21	0.665936167
1467	17	21	0.479977439
1468	18	21	0.281725193
1469	19	21	0.074387197
1470	20	21	-0.138602404
1471	21	21	-0.353643313
1472	22	21	-0.567033315
1473	23	21	-0.775035334
1474	24	21	-0.973946037
1475	25	21	-1.160164697
1476	26	21	-1.330260981
1477	27	21	-1.48104035
1478	28	21	-1.609605806
1479	29	21	-1.713414752
1480	30	21	-1.790329854
1481	31	21	-1.838662853
1482	32	21	-1.857210465
1483	33	21	-1.845281586
1484	34	21	-1.802715236
1485	35	21	-1.729888824
1486	36	21	-1.627716497
1487	37	21	-1.497637542
1488	38	21	-1.34159498
1489	39	21	-1.162004711
1490	40	21	-0.961715694
1491	41	21	-0.743961903
1492	42	21	-0.512306876
1493	43	21	-0.270581877
1494	44	21	-0.0228188
1495	45	21	0.226820966
1496	46	21	0.474120384
1497	47	21	0.71488197
1498	48	21	0.945002941
1499	49	21	1.160548903
1500	50	21	1.357824713
1501	1	20	1.71137837
1502	2	20	1.784809164
1503	3	20	1.829719967
1504	4	20	1.844950931
1505	5	20	1.829853185
1506	6	20	1.78430623
1507	7	20	1.708725672
1508	8	20	1.604061078
1509	9	20	1.471783903
1510	10	20	1.313865667
1511	11	20	1.132746712
1512	12	20	0.931296062
1513	13	20	0.712763097
1514	14	20	0.480721899
1515	15	20	0.239009262
1516	16	20	-0.00834249
1517	17	20	-0.257176652
1518	18	20	-0.50328594
1519	19	20	-0.742487569
1520	20	20	-0.970698222
1521	21	20	-1.184007497
1522	22	20	-1.378748457
1523	23	20	-1.551563972
1524	24	20	-1.699467582
1525	25	20	-1.819897751
1526	26	20	-1.910764486
1527	27	20	-1.970487431
1528	28	20	-1.998024721
1529	29	20	-1.992892058
1530	30	20	-1.955171625
1531	31	20	-1.885510689
1532	32	20	-1.785109913
1533	33	20	-1.655701584
1534	34	20	-1.49951819
1535	35	20	-1.319251912
1536	36	20	-1.118005821
1537	37	20	-0.899237681
1538	38	20	-0.666697423
1539	39	20	-0.424359468
1540	40	20	-0.176351166
1541	41	20	0.073121303
1542	42	20	0.319848181
1543	43	20	0.559691136
1544	44	20	0.78865662
1545	45	20	1.002966215
1546	46	20	1.199122683
1547	47	20	1.373970501
1548	48	20	1.524749776
1549	49	20	1.649142583
1550	50	20	1.745310884
1551	1	19	1.989862591
1552	2	19	1.948617742
1553	3	19	1.875515552
1554	4	19	1.771800508
1555	5	19	1.639247082
1556	6	19	1.480127756
1557	7	19	1.297172002
1558	8	19	1.093516991
1559	9	19	0.872650959
1560	10	19	0.638350289
1561	11	19	0.394611497
1562	12	19	0.145579393
1563	13	19	-0.104527244
1564	14	19	-0.351491066
1565	15	19	-0.591171253
1566	16	19	-0.81957689
1567	17	19	-1.032937271
1568	18	19	-1.227767834
1569	19	19	-1.400930522
1570	20	19	-1.54968746
1571	21	19	-1.671746994
1572	22	19	-1.765301264
1573	23	19	-1.829054663
1574	24	19	-1.862242706
1575	25	19	-1.864641012
1576	26	19	-1.836564309
1577	27	19	-1.77885553
1578	28	19	-1.692865307
1579	29	19	-1.580422289
1580	30	19	-1.443794944
1581	31	19	-1.28564562
1582	32	19	-1.108977793
1583	33	19	-0.917077578
1584	34	19	-0.713450637
1585	35	19	-0.501755744
1586	36	19	-0.285736279
1587	37	19	-0.069150991
1588	38	19	0.144294661
1589	39	19	0.35101528
1590	40	19	0.547609165
1591	41	19	0.730917626
1592	42	19	0.898078896
1593	43	19	1.046575672
1594	44	19	1.174275445
1595	45	19	1.279462932
1596	46	19	1.360864092
1597	47	19	1.417661366
1598	48	19	1.449499963
1599	49	19	1.456485192
1600	50	19	1.439171017
1601	1	18	1.576477381
1602	2	18	1.436409285
1603	3	18	1.274919316
1604	4	18	1.095052727
1605	5	18	0.900135464
1606	6	18	0.693710576
1607	7	18	0.479471314
1608	8	18	0.261192202
1609	9	18	0.042659421
1610	10	18	-0.172398182
1611	11	18	-0.38037614
1612	12	18	-0.577858217
1613	13	18	-0.761675884
1614	14	18	-0.928962333
1615	15	18	-1.077200049
1616	16	18	-1.204261117
1617	17	18	-1.308439572
1618	18	18	-1.388475269
1619	19	18	-1.443568921
1620	20	18	-1.473388132
1621	21	18	-1.478064421
1622	22	18	-1.458181433
1623	23	18	-1.414754675
1624	24	18	-1.349203291
1625	25	18	-1.26331457
1626	26	18	-1.159201951
1627	27	18	-1.039257484
1628	28	18	-0.906099757
1629	29	18	-0.762518388
1630	30	18	-0.61141624
1631	31	18	-0.455750562
1632	32	18	-0.298474231
1633	33	18	-0.14247829
1634	34	18	0.009463095
1635	35	18	0.154744164
1636	36	18	0.290974618
1637	37	18	0.416021287
1638	38	18	0.528043673
1639	39	18	0.625522724
1640	40	18	0.707282369
1641	41	18	0.772503491
1642	42	18	0.820730174
1643	43	18	0.851868226
1644	44	18	0.866176142
1645	45	18	0.864248826
1646	46	18	0.84699454
1647	47	18	0.815605679
1648	48	18	0.77152411
1649	49	18	0.716401899
1650	50	18	0.652058356
1651	1	17	0.758371575
1652	2	17	0.603977996
1653	3	17	0.445122065
1654	4	17	0.284795371
1655	5	17	0.125925765
1656	6	17	-0.028678122
1657	7	17	-0.176378811
1658	8	17	-0.314757401
1659	9	17	-0.441655564
1660	10	17	-0.555211368
1661	11	17	-0.653888289
1662	12	17	-0.736496935
1663	13	17	-0.80220915
1664	14	17	-0.850564342
1665	15	17	-0.881468041
1666	16	17	-0.895182834
1667	17	17	-0.892312014
1668	18	17	-0.873776402
1669	19	17	-0.840784952
1670	20	17	-0.794799867
1671	21	17	-0.737497064
1672	22	17	-0.670722919
1673	23	17	-0.596448271
1674	24	17	-0.516720748
1675	25	17	-0.433616452
1676	26	17	-0.349192096
1677	27	17	-0.26543861
1678	28	17	-0.184237248
1679	29	17	-0.107319094
1680	30	17	-0.03622885
1681	31	17	0.027706356
1682	32	17	0.083402514
1683	33	17	0.130038126
1684	34	17	0.167067073
1685	35	17	0.194224764
1686	36	17	0.211527482
1687	37	17	0.21926503
1688	38	17	0.217986905
1689	39	17	0.208482379
1690	40	17	0.19175501
1691	41	17	0.168992204
1692	42	17	0.141530584
1693	43	17	0.110817991
1694	44	17	0.078373033
1695	45	17	0.045743135
1696	46	17	0.014462074
1697	47	17	-0.013991979
1698	48	17	-0.038236949
1699	49	17	-0.057024911
1700	50	17	-0.069276811
1701	1	16	0.10382416
1702	2	16	0.029553739
1703	3	16	-0.037476012
1704	4	16	-0.096144324
1705	5	16	-0.145594483
1706	6	16	-0.185247109
1707	7	16	-0.214806683
1708	8	16	-0.234261248
1709	9	16	-0.243875373
1710	10	16	-0.244176609
1711	11	16	-0.235935823
1712	12	16	-0.220141908
1713	13	16	-0.197971509
1714	14	16	-0.170754511
1715	15	16	-0.139936111
1716	16	16	-0.107036391
1717	17	16	-0.073608342
1718	18	16	-0.041195344
1719	19	16	-0.011289081
1720	20	16	0.014711101
1721	21	16	0.035536445
1722	22	16	0.050083751
1723	23	16	0.057446219
1724	24	16	0.056939456
1725	25	16	0.048122012
1726	26	16	0.030809941
1727	27	16	0.005085034
1728	28	16	-0.028703503
1729	29	16	-0.069944011
1730	30	16	-0.117773891
1731	31	16	-0.171097453
1732	32	16	-0.228609737
1733	33	16	-0.288825792
1734	34	16	-0.350114796
1735	35	16	-0.410738263
1736	36	16	-0.468891502
1737	37	16	-0.522747408
1738	38	16	-0.570501612
1739	39	16	-0.610417963
1740	40	16	-0.640873308
1741	41	16	-0.660400554
1742	42	16	-0.667728999
1743	43	16	-0.661820983
1744	44	16	-0.641903987
1745	45	16	-0.607497384
1746	46	16	-0.558433161
1747	47	16	-0.494870061
1748	48	16	-0.417300719
1749	49	16	-0.326551521
1750	50	16	-0.223775065
1751	1	15	0.067501927
1752	2	15	0.112147539
1753	3	15	0.162351097
1754	4	15	0.21684492
1755	5	15	0.274180218
1756	6	15	0.332760777
1757	7	15	0.390880764
1758	8	15	0.4467658
1759	9	15	0.498616387
1760	10	15	0.544652722
1761	11	15	0.58315988
1762	12	15	0.612532339
1763	13	15	0.63131681
1764	14	15	0.638252392
1765	15	15	0.632307091
1766	16	15	0.61270983
1767	17	15	0.578977161
1768	18	15	0.530934006
1769	19	15	0.46872785
1770	20	15	0.392835998
1771	21	15	0.304065589
1772	22	15	0.203546268
1773	23	15	0.092715544
1774	24	15	-0.026702969
1775	25	15	-0.152728077
1776	26	15	-0.283155797
1777	27	15	-0.415599777
1778	28	15	-0.547536576
1779	29	15	-0.67635491
1780	30	15	-0.799407916
1781	31	15	-0.914067348
1782	32	15	-1.017778619
1783	33	15	-1.108115547
1784	34	15	-1.182833641
1785	35	15	-1.239920818
1786	36	15	-1.277644432
1787	37	15	-1.294593604
1788	38	15	-1.289715881
1789	39	15	-1.262347408
1790	40	15	-1.212235858
1791	41	15	-1.139555566
1792	42	15	-1.044914419
1793	43	15	-0.929352231
1794	44	15	-0.794330521
1795	45	15	-0.641713745
1796	46	15	-0.473742243
1797	47	15	-0.292997312
1798	48	15	-0.10235899
1799	49	15	0.09504273
1800	50	15	0.295882365
1801	1	14	0.674635307
1802	2	14	0.79438745
1803	3	14	0.905797938
1804	4	14	1.006352093
1805	5	14	1.093662715
1806	6	14	1.165522888
1807	7	14	1.219956228
1808	8	14	1.255263465
1809	9	14	1.270064342
1810	10	14	1.263333889
1811	11	14	1.234432224
1812	12	14	1.183127176
1813	13	14	1.109609138
1814	14	14	1.014497731
1815	15	14	0.898840016
1816	16	14	0.764100137
1817	17	14	0.612140504
1818	18	14	0.445194731
1819	19	14	0.265832765
1820	20	14	0.076918781
1821	21	14	-0.118437426
1822	22	14	-0.316934689
1823	23	14	-0.515139348
1824	24	14	-0.709547676
1825	25	14	-0.896650677
1826	26	14	-1.072999998
1827	27	14	-1.235273706
1828	28	14	-1.380340621
1829	29	14	-1.505321958
1830	30	14	-1.607649022
1831	31	14	-1.68511583
1832	32	14	-1.735925536
1833	33	14	-1.758729748
1834	34	14	-1.752659852
1835	35	14	-1.717349695
1836	36	14	-1.65294909
1837	37	14	-1.560127779
1838	38	14	-1.44006972
1839	39	14	-1.294457679
1840	40	14	-1.125448363
1841	41	14	-0.935638469
1842	42	14	-0.72802222
1843	43	14	-0.505941127
1844	44	14	-0.27302687
1845	45	14	-0.033138315
1846	46	14	0.209706167
1847	47	14	0.451399856
1848	48	14	0.687820976
1849	49	14	0.914906779
1850	50	14	1.128727014
1851	1	13	1.503492613
1852	2	13	1.602370706
1853	3	13	1.676445713
1854	4	13	1.723963612
1855	5	13	1.743617733
1856	6	13	1.734579561
1857	7	13	1.696520892
1858	8	13	1.62962684
1859	9	13	1.534599344
1860	10	13	1.412651018
1861	11	13	1.265489372
1862	12	13	1.0952916
1863	13	13	0.904670354
1864	14	13	0.696631057
1865	15	13	0.4745215
1866	16	13	0.241974624
1867	17	13	0.002845507
1868	18	13	-0.238856291
1869	19	13	-0.479037782
1870	20	13	-0.713595686
1871	21	13	-0.938490285
1872	22	13	-1.14981861
1873	23	13	-1.343885586
1874	24	13	-1.517271788
1875	25	13	-1.666896513
1876	26	13	-1.79007497
1877	27	13	-1.884568502
1878	28	13	-1.948626848
1879	29	13	-1.981021647
1880	30	13	-1.981070517
1881	31	13	-1.948651234
1882	32	13	-1.884205718
1883	33	13	-1.788733723
1884	34	13	-1.663776335
1885	35	13	-1.511389554
1886	36	13	-1.334108447
1887	37	13	-1.134902529
1888	38	13	-0.91712318
1889	39	13	-0.68444409
1890	40	13	-0.440795825
1891	41	13	-0.190295735
1892	42	13	0.062825486
1893	43	13	0.314299231
1894	44	13	0.55989499
1895	45	13	0.795495531
1896	46	13	1.017169845
1897	47	13	1.221242521
1898	48	13	1.404358256
1899	49	13	1.563540315
1900	50	13	1.696241885
1901	1	12	1.978326567
1902	2	12	1.974849722
1903	3	12	1.938981099
1904	4	12	1.871206608
1905	5	12	1.772568487
1906	6	12	1.644648246
1907	7	12	1.489539721
1908	8	12	1.30981274
1909	9	12	1.10846804
1910	10	12	0.888884289
1911	11	12	0.654758167
1912	12	12	0.410038639
1913	13	12	0.158856624
1914	14	12	-0.094548622
1915	15	12	-0.345905045
1916	16	12	-0.590983844
1917	17	12	-0.825674622
1918	18	12	-1.046058243
1919	19	12	-1.248476046
1920	20	12	-1.429594127
1921	21	12	-1.586461524
1922	22	12	-1.716561218
1923	23	12	-1.817853045
1924	24	12	-1.888807731
1925	25	12	-1.92843146
1926	26	12	-1.936280546
1927	27	12	-1.912465989
1928	28	12	-1.857647878
1929	29	12	-1.773019778
1930	30	12	-1.66028347
1931	31	12	-1.521614558
1932	32	12	-1.359619636
1933	33	12	-1.177285879
1934	34	12	-0.977924048
1935	35	12	-0.76510602
1936	36	12	-0.54259806
1937	37	12	-0.314291109
1938	38	12	-0.084129437
1939	39	12	0.143960997
1940	40	12	0.366143112
1941	41	12	0.578736897
1942	42	12	0.778283943
1943	43	12	0.961607136
1944	44	12	1.125864429
1945	45	12	1.268595737
1946	46	12	1.387762121
1947	47	12	1.481776613
1948	48	12	1.549526177
1949	49	12	1.59038449
1950	50	12	1.604215406
1951	1	11	1.769304332
1952	2	11	1.653090242
1953	3	11	1.511039734
1954	4	11	1.345802012
1955	5	11	1.16040498
1956	6	11	0.958197728
1957	7	11	0.742787578
1958	8	11	0.517972911
1959	9	11	0.287673057
1960	10	11	0.055856601
1961	11	11	-0.173530554
1962	12	11	-0.396635991
1963	13	11	-0.609769147
1964	14	11	-0.809465952
1965	15	11	-0.992548582
1966	16	11	-1.156179209
1967	17	11	-1.297906818
1968	18	11	-1.415706259
1969	19	11	-1.508008865
1970	20	11	-1.573724162
1971	21	11	-1.612252345
1972	22	11	-1.623487376
1973	23	11	-1.607810779
1974	24	11	-1.566076333
1975	25	11	-1.49958609
1976	26	11	-1.410058276
1977	27	11	-1.299587799
1978	28	11	-1.170600228
1979	29	11	-1.025800219
1980	30	11	-0.868115464
1981	31	11	-0.700637324
1982	32	11	-0.526559335
1983	33	11	-0.349114849
1984	34	11	-0.171515014
1985	35	11	0.00311166
1986	36	11	0.171777
1987	37	11	0.331687025
1988	38	11	0.48029095
1989	39	11	0.615324429
1990	40	11	0.734846276
1991	41	11	0.837268028
1992	42	11	0.921375862
1993	43	11	0.986344561
1994	44	11	1.031743374
1995	45	11	1.057533776
1996	46	11	1.064059319
1997	47	11	1.052027923
1998	48	11	1.022487075
1999	49	11	0.976792597
2000	50	11	0.916571722
2001	1	10	1.021618552
2002	2	10	0.860595327
2003	3	10	0.689881561
2004	4	10	0.512710432
2005	5	10	0.332352966
2006	6	10	0.15205558
2007	7	10	-0.025020783
2008	8	10	-0.195858737
2009	9	10	-0.357638642
2010	10	10	-0.507787906
2011	11	10	-0.644024468
2012	12	10	-0.764393715
2013	13	10	-0.867298176
2014	14	10	-0.951519525
2015	15	10	-1.016232572
2016	16	10	-1.061011091
2017	17	10	-1.085825499
2018	18	10	-1.091032572
2019	19	10	-1.077357542
2020	20	10	-1.045869071
2021	21	10	-0.997947729
2022	22	10	-0.935248758
2023	23	10	-0.859659973
2024	24	10	-0.773255774
2025	25	10	-0.678248292
2026	26	10	-0.576936747
2027	27	10	-0.471656123
2028	28	10	-0.364726254
2029	29	10	-0.258402403
2030	30	10	-0.154828371
2031	31	10	-0.055993092
2032	32	10	0.036308389
2033	33	10	0.120508795
2034	34	10	0.195296682
2035	35	10	0.259638176
2036	36	10	0.312792
2037	37	10	0.354317542
2038	38	10	0.384075922
2039	39	10	0.402224091
2040	40	10	0.409202223
2041	41	10	0.405714762
2042	42	10	0.392705624
2043	43	10	0.371328205
2044	44	10	0.342910922
2045	45	10	0.30891914
2046	46	10	0.270914386
2047	47	10	0.230511813
2048	48	10	0.18933693
2049	49	10	0.148982584
2050	50	10	0.110967211
2051	1	9	0.25463251
2052	2	9	0.147853927
2053	3	9	0.045905827
2054	4	9	-0.049379612
2055	5	9	-0.136399657
2056	6	9	-0.2138095
2057	7	9	-0.280544377
2058	8	9	-0.335834938
2059	9	9	-0.37921565
2060	10	9	-0.410526121
2061	11	9	-0.429905451
2062	12	9	-0.437779816
2063	13	9	-0.434843656
2064	14	9	-0.422034988
2065	15	9	-0.400505459
2066	16	9	-0.371585906
2067	17	9	-0.336748231
2068	18	9	-0.297564532
2069	19	9	-0.255664434
2070	20	9	-0.212691642
2071	21	9	-0.170260703
2072	22	9	-0.129914998
2073	23	9	-0.093086931
2074	24	9	-0.061061209
2075	25	9	-0.034942085
2076	26	9	-0.015625284
2077	27	9	-0.003775271
2078	28	9	0.000191626
2079	29	9	-0.003882142
2080	30	9	-0.015891191
2081	31	9	-0.035469628
2082	32	9	-0.061999997
2083	33	9	-0.094628557
2084	34	9	-0.132286541
2085	35	9	-0.173716906
2086	36	9	-0.217505992
2087	37	9	-0.262119343
2088	38	9	-0.305940893
2089	39	9	-0.347314612
2090	40	9	-0.384587655
2091	41	9	-0.416154031
2092	42	9	-0.440497756
2093	43	9	-0.456234511
2094	44	9	-0.462150799
2095	45	9	-0.457239676
2096	46	9	-0.440732206
2097	47	9	-0.412123837
2098	48	9	-0.371195055
2099	49	9	-0.318025749
2100	50	9	-0.253002886
2101	1	8	0.001115987
2102	2	8	0.009955992
2103	3	8	0.02643594
2104	4	8	0.049975218
2105	5	8	0.079755687
2106	6	8	0.114742521
2107	7	8	0.153710575
2108	8	8	0.195275659
2109	9	8	0.237930022
2110	10	8	0.280081222
2111	11	8	0.320093487
2112	12	8	0.356330631
2113	13	8	0.387199507
2114	14	8	0.411193012
2115	15	8	0.426931624
2116	16	8	0.433202489
2117	17	8	0.428995135
2118	18	8	0.41353295
2119	19	8	0.386299633
2120	20	8	0.347059969
2121	21	8	0.295874365
2122	22	8	0.233106733
2123	23	8	0.159425448
2124	24	8	0.075797261
2125	25	8	-0.016525806
2126	26	8	-0.1160264
2127	27	8	-0.220948262
2128	28	8	-0.32932867
2129	29	8	-0.439036269
2130	30	8	-0.547813545
2131	31	8	-0.6533231
2132	32	8	-0.753196762
2133	33	8	-0.845086533
2134	34	8	-0.926716287
2135	35	8	-0.995933125
2136	36	8	-1.050757279
2137	37	8	-1.08942947
2138	38	8	-1.110454675
2139	39	8	-1.112641303
2140	40	8	-1.095134889
2141	41	8	-1.057445488
2142	42	8	-0.999468098
2143	43	8	-0.921495568
2144	44	8	-0.824223584
2145	45	8	-0.708747507
2146	46	8	-0.576550993
2147	47	8	-0.42948648
2148	48	8	-0.269747815
2149	49	8	-0.09983546
2150	50	8	0.077485158
2151	1	7	0.437168593
2152	2	7	0.542689252
2153	3	7	0.644996224
2154	4	7	0.741760301
2155	5	7	0.8306715
2156	6	7	0.909490297
2157	7	7	0.976098535
2158	8	7	1.028548901
2159	9	7	1.06511187
2160	10	7	1.084319104
2161	11	7	1.08500228
2162	12	7	1.066326481
2163	13	7	1.027817329
2164	14	7	0.969381192
2165	15	7	0.891317926
2166	16	7	0.794325749
2167	17	7	0.679498016
2168	18	7	0.548311836
2169	19	7	0.40260861
2170	20	7	0.244566766
2171	21	7	0.076667126
2172	22	7	-0.098348529
2173	23	7	-0.27752494
2174	24	7	-0.457746053
2175	25	7	-0.635791913
2176	26	7	-0.808398694
2177	27	7	-0.972320711
2178	28	7	-1.124393203
2179	29	7	-1.261594655
2180	30	7	-1.381107409
2181	31	7	-1.480375346
2182	32	7	-1.557157459
2183	33	7	-1.609576204
2184	34	7	-1.636159618
2185	35	7	-1.635876287
2186	36	7	-1.608162403
2187	37	7	-1.552940275
2188	38	7	-1.470627833
2189	39	7	-1.362138834
2190	40	7	-1.22887366
2191	41	7	-1.072700774
2192	42	7	-0.895929097
2193	43	7	-0.701271729
2194	44	7	-0.491801633
2195	45	7	-0.270900036
2196	46	7	-0.042198478
2197	47	7	0.19048446
2198	48	7	0.423210584
2199	49	7	0.651992425
2200	50	7	0.872865178
2201	1	6	1.259896091
2202	2	6	1.376002406
2203	3	6	1.471917546
2204	4	6	1.545442528
2205	5	6	1.594740827
2206	6	6	1.618379974
2207	7	6	1.615366014
2208	8	6	1.585170078
2209	9	6	1.527746437
2210	10	6	1.443541584
2211	11	6	1.333494061
2212	12	6	1.199024921
2213	13	6	1.042018899
2214	14	6	0.864796557
2215	15	6	0.67007784
2216	16	6	0.46093764
2217	17	6	0.240754161
2218	18	6	0.013150974
2219	19	6	-0.218066171
2220	20	6	-0.448976629
2221	21	6	-0.675614992
2222	22	6	-0.894042765
2223	23	6	-1.100420234
2224	24	6	-1.291077165
2225	25	6	-1.462580989
2226	26	6	-1.611801165
2227	27	6	-1.735968473
2228	28	6	-1.832728094
2229	29	6	-1.900185429
2230	30	6	-1.936943751
2231	31	6	-1.942132935
2232	32	6	-1.915428686
2233	33	6	-1.857061839
2234	34	6	-1.767817516
2235	35	6	-1.649024119
2236	36	6	-1.502532303
2237	37	6	-1.330684295
2238	38	6	-1.1362741
2239	39	6	-0.922499297
2240	40	6	-0.692905306
2241	41	6	-0.451323144
2242	42	6	-0.201801814
2243	43	6	0.051463418
2244	44	6	0.304205546
2245	45	6	0.552161738
2246	46	6	0.791149259
2247	47	6	1.017139968
2248	48	6	1.226332014
2249	49	6	1.4152174
2250	50	6	1.580644149
2251	1	5	1.897809139
2252	2	5	1.931053022
2253	3	5	1.932797418
2254	4	5	1.902761929
2255	5	5	1.841219919
2256	6	5	1.74899712
2257	7	5	1.627460088
2258	8	5	1.478494681
2259	9	5	1.304474918
2260	10	5	1.108222761
2261	11	5	0.892959546
2262	12	5	0.662249934
2263	13	5	0.419939414
2264	14	5	0.170086497
2265	15	5	-0.083109134
2266	16	5	-0.335381208
2267	17	5	-0.582472776
2268	18	5	-0.820212056
2269	19	5	-1.044586789
2270	20	5	-1.251815735
2271	21	5	-1.43841596
2272	22	5	-1.601264685
2273	23	5	-1.737654536
2274	24	5	-1.845341168
2275	25	5	-1.922582408
2276	26	5	-1.96816817
2277	27	5	-1.981440628
2278	28	5	-1.962304278
2279	29	5	-1.911225724
2280	30	5	-1.829223227
2281	31	5	-1.717846235
2282	32	5	-1.57914531
2283	33	5	-1.415633049
2284	34	5	-1.230236753
2285	35	5	-1.026243773
2286	36	5	-0.807240576
2287	37	5	-0.577046698
2288	38	5	-0.339644854
2289	39	5	-0.099108512
2290	40	5	0.140471684
2291	41	5	0.375061263
2292	42	5	0.600753684
2293	43	5	0.81383916
2294	44	5	1.010869284
2295	45	5	1.188716275
2296	46	5	1.344625763
2297	47	5	1.476262198
2298	48	5	1.581746052
2299	49	5	1.659682226
2300	50	5	1.709179164
2301	1	4	1.907795637
2302	2	4	1.822287544
2303	3	4	1.707495895
2304	4	4	1.565514537
2305	5	4	1.398897561
2306	6	4	1.21061144
2307	7	4	1.003979876
2308	8	4	0.782622399
2309	9	4	0.550387905
2310	10	4	0.311284392
2311	11	4	0.069406229
2312	12	4	-0.171139685
2313	13	4	-0.406307461
2314	14	4	-0.632184109
2315	15	4	-0.84505843
2316	16	4	-1.041485635
2317	17	4	-1.21834653
2318	18	4	-1.372900176
2319	19	4	-1.502829096
2320	20	4	-1.606276238
2321	21	4	-1.681873066
2322	22	4	-1.728758326
2323	23	4	-1.746587222
2324	24	4	-1.73553091
2325	25	4	-1.696266422
2326	26	4	-1.629957301
2327	27	4	-1.538225408
2328	28	4	-1.423114543
2329	29	4	-1.287046645
2330	30	4	-1.132771502
2331	31	4	-0.96331101
2332	32	4	-0.781899092
2333	33	4	-0.591918518
2334	34	4	-0.396835839
2335	35	4	-0.200135753
2336	36	4	-0.005256143
2337	37	4	0.184474933
2338	38	4	0.365899131
2339	39	4	0.536083442
2340	40	4	0.692370537
2341	41	4	0.832422914
2342	42	4	0.954260085
2343	43	4	1.056288156
2344	44	4	1.137321347
2345	45	4	1.196595134
2346	46	4	1.233770901
2347	47	4	1.248932112
2348	48	4	1.242572248
2349	49	4	1.215574853
2350	50	4	1.169186236
2351	1	3	1.282918688
2352	2	3	1.125257491
2353	3	3	0.952513666
2354	4	3	0.767961746
2355	5	3	0.575023132
2356	6	3	0.377200564
2357	7	3	0.178012031
2358	8	3	-0.019074577
2359	9	3	-0.210704845
2360	10	3	-0.393698024
2361	11	3	-0.56510291
2362	12	3	-0.722248387
2363	13	3	-0.862787725
2364	14	3	-0.984735844
2365	15	3	-1.08649893
2366	16	3	-1.166895917
2367	17	3	-1.225171551
2368	18	3	-1.261000886
2369	19	3	-1.274485273
2370	20	3	-1.26614004
2371	21	3	-1.236874251
2372	22	3	-1.187963068
2373	23	3	-1.121013401
2374	24	3	-1.037923642
2375	25	3	-0.940838395
2376	26	3	-0.83209921
2377	27	3	-0.7141924
2378	28	3	-0.589695036
2379	29	3	-0.461220294
2380	30	3	-0.331363265
2381	31	3	-0.202648358
2382	32	3	-0.077479372
2383	33	3	0.041906791
2384	34	3	0.153481832
2385	35	3	0.255462395
2386	36	3	0.346340361
2387	37	3	0.42490655
2388	38	3	0.490267433
2389	39	3	0.541854613
2390	40	3	0.579426998
2391	41	3	0.603065719
2392	42	3	0.613162038
2393	43	3	0.61039861
2394	44	3	0.595724623
2395	45	3	0.570325443
2396	46	3	0.535587534
2397	47	3	0.493059494
2398	48	3	0.444410134
2399	49	3	0.391384582
2400	50	3	0.335759432
2401	1	2	0.457235153
2402	2	2	0.324139273
2403	3	2	0.192282329
2404	4	2	0.064105848
2405	5	2	-0.058117334
2406	6	2	-0.172325196
2407	7	2	-0.276703271
2408	8	2	-0.369715289
2409	9	2	-0.450127195
2410	10	2	-0.517024146
2411	11	2	-0.569820221
2412	12	2	-0.60826078
2413	13	2	-0.632417524
2414	14	2	-0.642676492
2415	15	2	-0.639719365
2416	16	2	-0.624498594
2417	17	2	-0.59820699
2418	18	2	-0.562242537
2419	19	2	-0.518169274
2420	20	2	-0.467675179
2421	21	2	-0.412528035
2422	22	2	-0.354530298
2423	23	2	-0.295474003
2424	24	2	-0.237096725
2425	25	2	-0.181039588
2426	26	2	-0.12880826
2427	27	2	-0.08173779
2428	28	2	-0.040962066
2429	29	2	-0.007388565
2430	30	2	0.018321093
2431	31	2	0.035764341
2432	32	2	0.044804373
2433	33	2	0.045570236
2434	34	2	0.03845034
2435	35	2	0.024079557
2436	36	2	0.003320252
2437	37	2	-0.022762318
2438	38	2	-0.052929622
2439	39	2	-0.085803814
2440	40	2	-0.119905216
2441	41	2	-0.153692452
2442	42	2	-0.185604293
2443	43	2	-0.214102232
2444	44	2	-0.237712779
2445	45	2	-0.255068499
2446	46	2	-0.264946802
2447	47	2	-0.266305567
2448	48	2	-0.258314743
2449	49	2	-0.240383161
2450	50	2	-0.212179871
2451	1	1	0.004287722
2452	2	1	-0.024588173
2453	3	1	-0.045120339
2454	4	1	-0.057135325
2455	5	1	-0.060726906
2456	6	1	-0.056250002
2457	7	1	-0.044308167
2458	8	1	-0.02573497
2459	9	1	-0.001569739
2460	10	1	0.026971772
2461	11	1	0.05853107
2462	12	1	0.091644181
2463	13	1	0.124781609
2464	14	1	0.156390032
2465	15	1	0.184934784
2466	16	1	0.208942107
2467	17	1	0.227040176
2468	18	1	0.237997939
2469	19	1	0.240760828
2470	20	1	0.234482502
2471	21	1	0.218551831
2472	22	1	0.192614461
2473	23	1	0.156588406
2474	24	1	0.110673251
2475	25	1	0.055352669
2476	26	1	-0.008609854
2477	27	1	-0.080182094
2478	28	1	-0.158080776
2479	29	1	-0.240795565
2480	30	1	-0.326618884
2481	31	1	-0.413680986
2482	32	1	-0.499989539
2483	33	1	-0.583472913
2484	34	1	-0.66202625
2485	35	1	-0.733559327
2486	36	1	-0.796045188
2487	37	1	-0.847568457
2488	38	1	-0.886372291
2489	39	1	-0.910902885
2490	40	1	-0.919850551
2491	41	1	-0.912186381
2492	42	1	-0.887193656
2493	43	1	-0.844493212
2494	44	1	-0.784062119
2495	45	1	-0.706245163
2496	46	1	-0.611758751
2497	47	1	-0.501687035
2498	48	1	-0.377470191
2499	49	1	-0.240884978
2500	50	1	-0.094017832
